0.0000 0.0000 0.0000 0.0000
0.0000 0.0000 0.0000 0.0000
0.0000 0.0000 0.0000 0.0000
0.0000 0.0000 0.0000 0.0000
0.0000 0.0000 0.0000 0.0000
0.0000 0.0000 0.0000 0.0000
0.0000 0.0000 0.0000 0.0000
0.0000 0.0000 0.0000 0.0000
0.0000 0.0000 0.0000 0.0000
0.0000 0.0000 0.0000 0.0000
0.0000 0.0000 0.0000 0.0000
0.0000 0.0000 0.0000 0.0000
0.0000 0.0000 0.0000 0.0000
-999999.0000 -45.9000 -2.0373 -2.0289
-999999.0000 -1.9992 -2.0331 -27.0000
-999999.0000 -1.9871 -1.9826 -27.0000
-999999.0000 -1.9231 -999999.0000 0.6396
0.0000 0.0000 0.0000 0.0000
0.0000 0.0000 0.0000 0.0000
0.0000 0.0000 0.0000 0.0000
0.0000 0.0000 0.0000 0.0000
-84.8117 -88.2204 -4.0205 -3.9047
-84.8117 -4.1238 -3.6309 -3.7278
-89.3896 -4.0406 -89.7009 -3.2886
0.0000 0.0000 0.0000 0.0000
-88.2204 -82.5881 -86.3682 -2.3260
0.0000 0.0000 0.0000 0.0000
0.0000 0.0000 0.0000 0.0000
0.0000 0.0000 0.0000 0.0000
-45.9000 -27.0000 -2.0921 -1.0604
-2.1131 -2.2191 -27.0000 -2.1534
0.0000 0.0000 0.0000 0.0000
0.0000 0.0000 0.0000 0.0000
-1.9096 -45.9000 -999999.0000 27.9557
0.0000 0.0000 0.0000 0.0000
0.0000 0.0000 0.0000 0.0000
-90.0000 -90.0000 -4.1238 -4.4392
-90.0000 -4.2990 -3.9047 -90.0000
-4.1238 -4.1238 -3.6309 -90.0000
-3.9047 -3.9047 -3.2886 -3.9047
-3.6309 -3.6309 -2.8608 -3.6309
-90.0000 -3.2886 -2.3260 -3.2886
-2.8608 -2.8608 -1.6575 -2.8608
-90.0000 -2.3260 -0.8219 -90.0000
-90.0000 -1.6575 -90.0000 0.2227
0.0000 0.0000 0.0000 0.0000
-2.0481 -59.1300 6.4105 -27.0000
-2.3215 -2.3195 19.9022 -2.3462
-82.5881 6.9323 26.1296 22.8047
-84.8117 18.6107 32.1820 33.9120
11.2778 25.3435 -999999.0000 43.6400
-87.4577 -999999.0000 -4.5514 -4.7276
-90.0000 -4.6411 -4.4392 -4.6411
-4.2990 -4.5514 -90.0000 -4.5514
0.0000 0.0000 0.0000 0.0000
0.0000 0.0000 0.0000 0.0000
-3.7671 -84.8117 -3.6309 -79.4116
-3.2886 -3.9060 -3.3476 -89.7009
-2.8608 -3.8934 -3.1706 -89.7906
-2.3260 -3.7677 -86.3682 -89.5727
0.0000 0.0000 0.0000 0.0000
-0.8219 -90.0000 1.5284 1.5284
-90.0000 0.2227 -90.0000 3.1604
0.0000 0.0000 0.0000 0.0000
14.9043 -89.9959 26.1296 14.9221
19.9037 19.9037 33.9120 19.9037
26.1296 26.1296 43.6400 -90.0000
33.9120 33.9120 -999999.0000 55.8000
-4.6411 -999999.0000 -4.6587 -4.8000
-4.5514 -4.7129 -4.5514 -4.7129
-4.4392 -4.6411 -4.6411 -4.6411
-88.7543 -4.5514 -79.4116 -4.7895
0.0000 0.0000 0.0000 0.0000
0.0000 0.0000 0.0000 0.0000
0.0000 0.0000 0.0000 0.0000
0.0000 0.0000 0.0000 0.0000
0.0000 0.0000 0.0000 0.0000
0.0000 0.0000 0.0000 0.0000
0.2227 -90.0000 3.1604 3.1604
1.5284 1.5284 -90.0000 5.2005
0.0000 0.0000 0.0000 0.0000
19.9037 -90.0000 19.9037 10.9384
26.1296 14.9229 -90.0000 14.9229
0.0000 0.0000 0.0000 0.0000
43.6400 -90.0000 -999999.0000 71.0000
-4.7465 -999999.0000 -4.7129 -4.8202
-4.6411 -4.7703 -4.6411 -4.7703
-4.5514 -4.7129 -4.7129 -4.7129
-4.7884 -4.6411 -82.5881 -87.4577
0.0000 0.0000 0.0000 0.0000
0.0000 0.0000 0.0000 0.0000
0.0000 0.0000 0.0000 0.0000
0.0000 0.0000 0.0000 0.0000
0.0000 0.0000 0.0000 0.0000
-59.1300 -79.4116 2.5761 -3.9873
-0.3615 0.0297 5.2005 -0.3668
3.1604 3.1604 7.7507 3.1604
-90.0000 5.2005 10.9384 -90.0000
14.9229 7.7507 14.9229 -90.0000
19.9037 4.0808 -74.8737 -87.4577
0.0000 0.0000 0.0000 0.0000
55.8000 -90.0000 -999999.0000 90.0000
-4.7760 -999999.0000 -4.7703 -4.8589
-4.7129 -4.8162 -4.7129 -4.8162
-4.6411 -4.7703 -89.9995 -4.7703
0.0000 0.0000 0.0000 0.0000
0.0000 0.0000 0.0000 0.0000
0.0000 0.0000 0.0000 0.0000
0.0000 0.0000 0.0000 0.0000
0.0000 0.0000 0.0000 0.0000
0.0000 0.0000 0.0000 0.0000
-3.9756 -59.1300 -3.9081 -3.9509
3.0195 -3.9354 -3.9182 -3.9815
5.2005 0.1659 -59.1300 -82.5881
0.0000 0.0000 0.0000 0.0000
0.0000 0.0000 0.0000 0.0000
0.0000 0.0000 0.0000 0.0000
0.0000 0.0000 0.0000 0.0000
0.0000 0.0000 0.0000 0.0000
-4.8230 -999999.0000 -4.8162 -88.7543
-4.7703 -4.8530 -4.7703 -4.8530
-4.7129 -4.8162 -4.8171 -4.8164
-86.3682 -4.7704 -4.9679 -4.9664
-82.5881 -4.9677 -45.9000 -4.9698
0.0000 0.0000 0.0000 0.0000
0.0000 0.0000 0.0000 0.0000
0.0000 0.0000 0.0000 0.0000
0.0000 0.0000 0.0000 0.0000
-3.9140 -45.9000 -3.9487 -27.0000
-4.0000 -3.9255 -27.0000 -27.0000
0.0000 0.0000 0.0000 0.0000
0.0000 0.0000 0.0000 0.0000
0.0000 0.0000 0.0000 0.0000
0.0000 0.0000 0.0000 0.0000
0.0000 0.0000 0.0000 0.0000
0.0000 0.0000 0.0000 0.0000
0.0000 0.0000 0.0000 0.0000
-4.8162 -90.0000 -4.8162 -4.8824
-4.7703 -4.8531 -4.8555 -4.8554
-4.9690 -4.8165 -4.9664 -4.9711
-4.9695 -4.9403 -88.7543 -84.8117
0.0000 0.0000 0.0000 0.0000
0.0000 0.0000 0.0000 0.0000
0.0000 0.0000 0.0000 0.0000
0.0000 0.0000 0.0000 0.0000
0.0000 0.0000 0.0000 0.0000
0.0000 0.0000 0.0000 0.0000
0.0000 0.0000 0.0000 0.0000
0.0000 0.0000 0.0000 0.0000
0.0000 0.0000 0.0000 0.0000
0.0000 0.0000 0.0000 0.0000
0.0000 0.0000 0.0000 0.0000
0.0000 0.0000 0.0000 0.0000
-90.0000 -999999.0000 -4.8824 -4.9247
-4.8530 -4.9059 -4.8530 -4.9059
-4.8162 -4.8879 -4.9456 -4.8842
-4.8919 -4.9374 -84.8117 -68.3910
0.0000 0.0000 0.0000 0.0000
0.0000 0.0000 0.0000 0.0000
0.0000 0.0000 0.0000 0.0000
0.0000 0.0000 0.0000 0.0000
0.0000 0.0000 0.0000 0.0000
0.0000 0.0000 0.0000 0.0000
0.0000 0.0000 0.0000 0.0000
0.0000 0.0000 0.0000 0.0000
0.0000 0.0000 0.0000 0.0000
0.0000 0.0000 0.0000 0.0000
0.0000 0.0000 0.0000 0.0000
0.0000 0.0000 0.0000 0.0000
0.0000 0.0000 0.0000 0.0000
-4.9059 -999999.0000 -4.9059 -4.9398
-4.8824 -4.9247 -4.8824 -4.9247
-4.8530 -4.9427 -89.3896 -4.9341
0.0000 0.0000 0.0000 0.0000
0.0000 0.0000 0.0000 0.0000
0.0000 0.0000 0.0000 0.0000
0.0000 0.0000 0.0000 0.0000
0.0000 0.0000 0.0000 0.0000
0.0000 0.0000 0.0000 0.0000
0.0000 0.0000 0.0000 0.0000
0.0000 0.0000 0.0000 0.0000
0.0000 0.0000 0.0000 0.0000
0.0000 0.0000 0.0000 0.0000
0.0000 0.0000 0.0000 0.0000
0.0000 0.0000 0.0000 0.0000
0.0000 0.0000 0.0000 0.0000
0.0000 0.0000 0.0000 0.0000
-4.9247 -999999.0000 -4.9247 -4.9518
-4.9059 -4.9398 -4.9059 -4.9398
-4.8824 -4.9655 -4.9834 -4.9642
-74.8737 -4.9408 -74.8737 -4.9847
0.0000 0.0000 0.0000 0.0000
0.0000 0.0000 0.0000 0.0000
0.0000 0.0000 0.0000 0.0000
0.0000 0.0000 0.0000 0.0000
0.0000 0.0000 0.0000 0.0000
0.0000 0.0000 0.0000 0.0000
0.0000 0.0000 0.0000 0.0000
0.0000 0.0000 0.0000 0.0000
0.0000 0.0000 0.0000 0.0000
0.0000 0.0000 0.0000 0.0000
0.0000 0.0000 0.0000 0.0000
0.0000 0.0000 0.0000 0.0000
0.0000 0.0000 0.0000 0.0000
-4.9398 -999999.0000 -4.9398 -999999.0000
-4.9247 -4.9518 -4.9356 -999999.0000
-4.9085 -4.9865 -4.9866 -999999.0000
-4.9786 -4.9854 -68.3910 -999999.0000
0.0000 0.0000 0.0000 0.0000
0.0000 0.0000 0.0000 0.0000
0.0000 0.0000 0.0000 0.0000
0.0000 0.0000 0.0000 0.0000
0.0000 0.0000 0.0000 0.0000
0.0000 0.0000 0.0000 0.0000
0.0000 0.0000 0.0000 0.0000
0.0000 0.0000 0.0000 0.0000
0.0000 0.0000 0.0000 0.0000
0.0000 0.0000 0.0000 0.0000
0.0000 0.0000 0.0000 0.0000
0.0000 0.0000 0.0000 0.0000
0.0000 0.0000 0.0000 0.0000
