0.0000 0.0000 0.0000 0.0000
0.0000 0.0000 0.0000 0.0000
-999999.0000 -84.8117 -45.9000 0.2227
0.0000 0.0000 0.0000 0.0000
0.0000 0.0000 0.0000 0.0000
-999999.0000 -90.0000 10.9384 5.2005
-999999.0000 7.7507 14.9229 -90.0000
-999999.0000 10.9384 19.9037 -90.0000
-999999.0000 14.9229 26.1296 26.1296
-999999.0000 19.9037 33.9120 33.9120
-999999.0000 26.1296 43.6400 43.6400
-999999.0000 33.9120 55.8000 55.8000
-999999.0000 36.2076 57.6547 71.0000
-999999.0000 16.5300 -999999.0000 86.3682
0.0000 0.0000 0.0000 0.0000
-79.4116 -68.3910 0.2227 -3.4879
-0.8219 -0.8219 1.5284 -0.8219
-90.0000 0.2227 3.1604 0.2227
-90.0000 1.5284 5.2005 1.5284
7.7507 3.1604 -90.0000 3.1604
0.0000 0.0000 0.0000 0.0000
0.0000 0.0000 0.0000 0.0000
19.9037 -90.0000 33.9120 19.9037
26.1296 26.1296 43.6400 -90.0000
33.9120 33.9120 55.8000 -90.0000
43.6400 43.6400 71.0000 -90.0000
55.8000 55.8000 90.0000 55.8000
0.0000 0.0000 0.0000 0.0000
-79.4116 -999999.0000 -1.6575 -3.2494
-1.0499 -2.4550 -0.8219 -89.7009
0.2227 -1.6575 0.2227 -1.6575
1.5284 -0.8219 1.5284 -90.0000
3.1604 0.2227 3.1604 -90.0000
5.2005 1.5284 -90.0000 1.5284
0.0000 0.0000 0.0000 0.0000
0.0000 0.0000 0.0000 0.0000
26.1296 -74.8737 -59.1300 3.1281
0.0000 0.0000 0.0000 0.0000
0.0000 0.0000 0.0000 0.0000
0.0000 0.0000 0.0000 0.0000
71.0000 -74.8737 -74.8737 32.6059
0.0000 0.0000 0.0000 0.0000
-2.3260 -999999.0000 -87.4577 -3.5988
0.0000 0.0000 0.0000 0.0000
-0.8219 -90.0000 -90.0000 -2.3260
0.0000 0.0000 0.0000 0.0000
0.0000 0.0000 0.0000 0.0000
3.1604 -74.8737 -2.7198 -45.9000
-45.9000 -3.3435 0.4739 -27.0000
-59.1300 -2.2844 5.9363 -45.9000
17.2657 -2.6286 -27.0000 -27.0000
0.0000 0.0000 0.0000 0.0000
0.0000 0.0000 0.0000 0.0000
0.0000 0.0000 0.0000 0.0000
54.7529 -45.9000 6.5365 -0.8300
-27.0000 27.3906 -999999.0000 -1.2945
-2.8608 -999999.0000 -2.8608 -3.6309
-90.0000 -3.2886 -2.3260 -3.2886
-1.6575 -2.8608 -90.0000 -2.8608
0.0000 0.0000 0.0000 0.0000
0.0000 0.0000 0.0000 0.0000
0.0000 0.0000 0.0000 0.0000
0.0000 0.0000 0.0000 0.0000
0.0000 0.0000 0.0000 0.0000
0.0000 0.0000 0.0000 0.0000
0.0000 0.0000 0.0000 0.0000
-27.0000 -59.1300 0.8907 -1.8220
-27.0000 -1.4155 10.0455 -27.0000
32.8501 -1.1295 -1.3417 -1.3164
-0.0403 -1.3350 -999999.0000 -1.3186
-3.2886 -999999.0000 -3.2886 -90.0000
-2.8608 -3.6309 -2.8608 -90.0000
-2.3260 -3.2886 -3.2886 -3.2886
-82.5881 -2.8608 -4.4379 -4.1034
-45.9000 -4.3737 -4.3420 -68.3910
-74.8737 -4.2524 -74.8737 -4.2299
0.0000 0.0000 0.0000 0.0000
0.0000 0.0000 0.0000 0.0000
0.0000 0.0000 0.0000 0.0000
0.0000 0.0000 0.0000 0.0000
-1.8369 -45.9000 -27.0000 -2.1698
0.0000 0.0000 0.0000 0.0000
5.9540 -45.9000 -1.7542 -1.7647
-1.7305 -1.7467 -999999.0000 -1.7666
0.0000 0.0000 0.0000 0.0000
0.0000 0.0000 0.0000 0.0000
-2.8608 -88.2204 -4.3765 -4.4286
-4.3813 -3.4700 -59.1300 -4.3686
0.0000 0.0000 0.0000 0.0000
-4.1252 -45.9000 -59.1300 -4.0944
0.0000 0.0000 0.0000 0.0000
0.0000 0.0000 0.0000 0.0000
0.0000 0.0000 0.0000 0.0000
0.0000 0.0000 0.0000 0.0000
-2.4862 -27.0000 -2.4458 -2.5911
-45.9000 -2.4371 -2.3849 -2.5820
-2.0135 -2.1669 -2.1578 -27.0000
-2.1495 -2.0570 -999999.0000 -2.1609
-68.3910 -999999.0000 -4.2641 -4.2252
-59.1300 -4.2427 -4.2996 -4.2470
-4.3567 -4.3290 -4.3375 -4.3184
-4.2960 -4.2891 -4.2556 -4.2435
-82.5881 -4.1450 -4.1170 -4.1053
-3.9740 -3.9822 -3.9522 -82.5881
-74.8737 -3.7609 -3.7581 -3.7444
-59.1300 -3.6241 -3.5368 -3.5511
-74.8737 -3.3593 -3.3054 -3.3252
-59.1300 -3.1651 -3.0546 -3.1372
-2.8081 -2.8650 -2.8165 -2.8929
-2.6903 -2.7436 -45.9000 -2.8167
0.0000 0.0000 0.0000 0.0000
-2.3655 -45.9000 -999999.0000 -2.6724
-4.2506 -999999.0000 -4.2010 -45.9000
-4.2194 -4.2209 -4.2044 -4.1737
-4.2551 -4.2000 -4.2068 -4.2192
-4.2153 -4.1561 -4.1649 -4.1703
-4.1040 -4.1614 -45.9000 -4.1092
0.0000 0.0000 0.0000 0.0000
-3.6679 -45.9000 -3.5929 -59.1300
-3.5029 -3.4990 -3.4394 -45.9000
-3.2336 -3.3188 -3.2664 -3.2369
-3.1306 -3.0808 -3.0939 -3.1457
-2.9398 -3.0188 -2.9069 -2.9192
-2.8308 -2.7409 -2.8516 -2.8491
-68.3910 -2.6867 -2.7632 -2.7821
-2.6251 -2.6754 -999999.0000 -27.0000
0.0000 0.0000 0.0000 0.0000
-4.1614 -59.1300 -4.0965 -4.1095
-4.1083 -4.1294 -4.1295 -4.1321
-4.1285 -4.1079 -4.1012 -4.0947
-4.0816 -4.0836 -59.1300 -4.0215
0.0000 0.0000 0.0000 0.0000
0.0000 0.0000 0.0000 0.0000
0.0000 0.0000 0.0000 0.0000
-3.1873 -45.9000 -3.1039 -45.9000
-3.0253 -3.0692 -3.1088 -3.0621
-2.9921 -2.9906 -2.9862 -2.9001
-2.9052 -2.9277 -2.8383 -2.8325
-2.8408 -2.7668 -45.9000 -2.7802
0.0000 0.0000 0.0000 0.0000
0.0000 0.0000 0.0000 0.0000
-4.0696 -68.3910 -4.0459 -4.0097
-4.0740 -4.0492 -4.0770 -4.0561
-4.0323 -4.0742 -4.0262 -4.0246
-3.9512 -3.9554 -3.9829 -3.9864
-59.1300 -3.9176 -45.9000 -3.9590
0.0000 0.0000 0.0000 0.0000
0.0000 0.0000 0.0000 0.0000
0.0000 0.0000 0.0000 0.0000
-3.0821 -45.9000 -3.0107 -2.9483
-2.9220 -2.9922 -2.8722 -2.9456
-2.8523 -2.9267 -2.7781 -2.8320
-2.7492 -2.8394 -68.3910 -2.7721
0.0000 0.0000 0.0000 0.0000
-59.1300 -999999.0000 -3.7918 -3.8184
-3.9477 -3.8865 -3.9680 -74.8737
-4.0352 -3.9803 -3.9969 -3.9890
-3.9840 -3.9919 -3.9322 -3.9694
-3.9296 -3.9957 -3.8764 -3.8678
-3.9145 -3.9081 -59.1300 -3.8826
0.0000 0.0000 0.0000 0.0000
0.0000 0.0000 0.0000 0.0000
0.0000 0.0000 0.0000 0.0000
-3.0083 -27.0000 -2.8809 -2.9395
-2.9402 -2.8993 -2.8744 -2.8338
-2.8721 -2.8266 -2.7904 -2.8608
-2.8190 -2.6947 -2.7823 -27.0000
-27.0000 -2.6856 -999999.0000 -2.8361
-3.7765 -999999.0000 -27.0000 -3.8107
0.0000 0.0000 0.0000 0.0000
-3.9684 -68.3910 -3.9100 -3.9197
-3.8642 -3.9191 -3.8893 -3.9016
-3.8455 -3.8825 -3.8578 -3.8383
-3.8544 -3.8666 -3.8000 -3.8353
-45.9000 -3.8077 -45.9000 -3.7563
0.0000 0.0000 0.0000 0.0000
0.0000 0.0000 0.0000 0.0000
-2.9925 -27.0000 -2.9340 -27.0000
-2.8757 -2.9698 -2.8903 -2.9804
-2.8903 -2.8351 -45.9000 -3.0159
0.0000 0.0000 0.0000 0.0000
-2.7391 -45.9000 -999999.0000 -2.8775
-3.7615 -999999.0000 -68.3910 -3.7867
0.0000 0.0000 0.0000 0.0000
-3.8809 -59.1300 -3.8181 -3.8678
-3.7886 -3.8393 -3.8547 -3.7860
-3.8229 -3.7956 -3.7622 -3.8103
-3.7983 -3.7769 -3.7420 -3.7765
-3.7521 -3.7446 -45.9000 -27.0000
0.0000 0.0000 0.0000 0.0000
0.0000 0.0000 0.0000 0.0000
0.0000 0.0000 0.0000 0.0000
-3.0199 -27.0000 -3.0472 -2.9845
-2.9845 -2.9799 -3.0741 -2.9815
-27.0000 -3.0039 -2.9670 -3.0655
-2.8851 -2.9905 -999999.0000 -27.0000
-3.7349 -999999.0000 -3.7924 -45.9000
-59.1300 -3.7612 -3.7629 -3.7580
-3.7882 -3.7637 -3.8168 -3.7759
-3.7586 -3.7787 -3.7991 -74.8737
-3.7314 -3.7706 -3.7827 -3.7764
-3.7265 -3.7557 -27.0000 -3.7456
0.0000 0.0000 0.0000 0.0000
0.0000 0.0000 0.0000 0.0000
0.0000 0.0000 0.0000 0.0000
0.0000 0.0000 0.0000 0.0000
-3.0787 -27.0000 -3.0600 -3.0605
-3.0181 -3.0039 -2.9757 -3.1777
-2.9912 -3.0493 -27.0000 -27.0000
0.0000 0.0000 0.0000 0.0000
0.0000 0.0000 0.0000 0.0000
-3.7441 -79.4116 -3.6765 -3.6996
-3.7148 -3.6870 -74.8737 -3.7139
0.0000 0.0000 0.0000 0.0000
-3.7141 -27.0000 -3.6800 -3.6918
-3.6675 -3.6068 -3.6331 -45.9000
-27.0000 -3.5800 -3.4747 -27.0000
-27.0000 -3.3557 -3.4031 -27.0000
-27.0000 -3.3216 -27.0000 -3.2772
0.0000 0.0000 0.0000 0.0000
-3.1719 -68.3910 -3.1006 -3.0959
-3.0996 -3.2055 -27.0000 -3.1487
0.0000 0.0000 0.0000 0.0000
0.0000 0.0000 0.0000 0.0000
0.0000 0.0000 0.0000 0.0000
-3.7414 -59.1300 -3.6954 -999999.0000
-3.6881 -3.7504 -3.6804 -999999.0000
-27.0000 -3.7203 -3.6745 -999999.0000
-3.6577 -3.7176 -45.9000 -999999.0000
0.0000 0.0000 0.0000 0.0000
0.0000 0.0000 0.0000 0.0000
0.0000 0.0000 0.0000 0.0000
-3.1550 -74.8737 -3.1709 -999999.0000
-27.0000 -3.1423 -3.1743 -999999.0000
-3.1003 -3.1423 -3.1458 -999999.0000
-3.2049 -3.1080 -27.0000 -999999.0000
0.0000 0.0000 0.0000 0.0000
0.0000 0.0000 0.0000 0.0000
